# Created by Octave 3.6.2, Mon Oct 13 18:46:33 2014 CEST <miguel@Debian>
# name: resultado
# type: matrix
# rows: 7
# columns: 2
 0.0001690387725830078 0.0003211498260498047
 0.0001120567321777344 0.002910137176513672
 0.00014495849609375 0.02724003791809082
 0.0004611015319824219 0.2699987888336182
 0.003934144973754883 2.697451114654541
 0.04361414909362793 26.97379016876221
 0.583247184753418 269.8389489650726


