# Created by Octave 3.6.2, Wed Oct 15 18:35:18 2014 CEST <miguel@Debian>
# name: resultado
# type: matrix
# rows: 6
# columns: 2
 0.0004189014434814453 0.0004560947418212891
 0.0002548694610595703 0.002951860427856445
 0.0002930164337158203 0.0343320369720459
 0.000949859619140625 0.2703750133514404
 0.006269931793212891 2.687137126922607
 0.05956315994262695 26.81745982170105


